HolderAddress	Quantity		
0x70ca0fe96e47f8520f57f68b48c16b98123d3e24	189	88	16632
0x48d8171b886f1f1fad190caa3b7f4c62263f9c45	75	88	6600
0x37ac09e1640577e1d71e3787297a56b58f88f0f2	50	88	4400
0xf8992a1f4e302460bd49a1646ee315d810235212	35	88	3080
0x649c76c1c1b4733713ce7e778115fc9ea3691a43	30	88	2640
0x54be3a794282c030b15e43ae2bb182e14c409c5e	23	88	2024
0xe77c7df7ef0ac9e0ad758bbd34a8f54d8c147f42	15	88	1320
0x4d4a1c00c95cd1e9473204e66b872a74172deeb9	15	88	1320
0x4cc57c0c19dd1f7d91a955668a17824f4a4497a2	13	88	1144
0xe2041764622b3f030db44034e0dd3f21edead660	12	88	1056
0xff6337ef0a91292fcf5ced363b689b6adbdfdc6d	11	88	968
0xcdce0b42d1f730761327585e362f3101da214480	10	88	880
0xb0fa8a82a06e7701b3735954a862ebb70009024d	10	88	880
0x6a89fb64a18f82a17d445b5f9c721ad42361c62d	10	88	880
0x59ac747c9b5e7c575d64ba0275f98dad03dd472b	10	88	880
0xcfa5369b6772befdd4209736f899336b4ec03215	10	88	880
0x5ddb23040f06e9be68beb5268d1aee0bbdd7dc63	9	88	792
0xd3812b99bf2daa8b4b90ebc653520f17a5b74913	9	88	792
0x63504b3167adf911a57910741ab62b1db23c0078	9	88	792
0xa121d179405e5d030dad5462129a52fe2ceeec51	9	88	792
0x7168d13558ee1df2e03459278afe54abc7b4ef10	9	88	792
0x26b89633a2c8986ca812e3517cbf4c3e53e4a6dd	9	88	792
0xd372d157a184398e2229a259c0072c9907aa6381	9	88	792
0x9e5d0e8f4c803774d06c54122bbe8743abf4a09f	9	88	792
0x6de21ac9754361ee456d825210b7dc1868b2e853	9	88	792
0xfcdfda023f727dafa35e8ee2715bcd7411c86b21	9	88	792
0xdcc106e48e90ebab38df242b34875ae41b2e68e9	9	88	792
0x8e68a7f5f57a330879cde69979a7bc8da03c3435	9	88	792
0xc3216e078814e11bd3342f5b0078d96a575f4127	7	88	616
0xbf9a6b97a71b21f86eea460832bfb5ca17df2538	7	88	616
0x87f3397cdb93802245497e7de21f39ada64000c7	7	88	616
0xe9c8c26eec8d78880606a9bba321bbb0554e4663	7	88	616
0xbbf7875db094dfcbb91cb3831d4a82afb9f1adea	6	88	528
0x619b7b65ed287195ce0e5d02aec37f9abe40afb6	6	88	528
0xbd4b49c6e7e277f1a7656caed345b8320afb3d5e	6	88	528
0xfea83158f3601b76d633bc678da79697e94bac33	6	88	528
0xfd471d74d1b458d61579374d8af78d3c0b091f7c	6	88	528
0xab44ad05152af19f55e6d9bded541df6cd417558	6	88	528
0x191465f8d0be82f6c8c111bea97959f0f7fb894b	6	88	528
0x03e887e7db16c9914fa82de0a7fedd4864bfb5b0	6	88	528
0x812b44af9f80ad3db22aa5c5946359e7ead87056	6	88	528
0xfcd7e4437d5a083a9413d656dfb2f38f210b84ef	6	88	528
0x66fbe38d933d63a3b1a0e858ed22ee6448cc99ee	6	88	528
0xf64db6d105c7dea5a40c22593631de99a837db1e	6	88	528
0x210676e7ec7553677b923690e74de19444267a2f	5	88	440
0x3214ef70ceaea3c0a5807cbbec3dbfa9f2683945	5	88	440
0xc941038c332440639e33184ba643a1d778f54090	5	88	440
0x62f6d496e22fee340074c5d46838772dc49624cd	5	88	440
0xc0670aa54ee845f4031e3fa1ad7656d70d4976bc	5	88	440
0x247347ed995fe4cdcfa661781e92c43d97ff8146	5	88	440
0x231b405c333db6d81adeaadf4c6ff3940ea5db21	4	88	352
0xceaa6864662521f257fd8daeed40582b3650f7b0	4	88	352
0x2fdab30b34196499a25b4515edc7a2c6527db06e	4	88	352
0x725fcd7450637ac578b166e42c44655472b27873	4	88	352
0x93df2bcb0a4c835418c01fd55a0a97be14af8f3f	4	88	352
0x2c1f4df355e7d244b860621b4f428ad1fd975bb0	4	88	352
0xefa5a56edcb3d5505bce8ca159c72ab3aee7a82c	4	88	352
0xbbb9f910ded42c6468e939b122a851dc147648dd	4	88	352
0xb6c2bbebc94a910e0fd37267dab56fb2130dbb97	4	88	352
0x74fc2d23c2243cfa55ddf02ec2ce53176bfac782	3	88	264
0x9491e87c281cc15fe1edcae5953cfb00b0f8d5c7	3	88	264
0x823fd49d0874ec707c3d8be04cacabc3e91f94c1	3	88	264
0x6b5d2fb4a7e970c1bacbe80ceb20f025618125ae	3	88	264
0x95a4d1d469df82dc3cf435d9034cd2c277a8cac1	3	88	264
0xfb585f3db26f0e756683ca334a9d125cbb703f24	3	88	264
0x8493eca71bbe028ce959c760e209e3ad73ecc86c	3	88	264
0xea781320adff82c29f9909d80b43f3335b803ba5	3	88	264
0xdb10d21f28a34fd04e4425eac777483798f7e217	3	88	264
0xcac3323edf6d6290cd8f91f3ce857afeda178c06	3	88	264
0x1116d33ed2cbba9dae7ae28aebb363625e22ae89	3	88	264
0x02f3ce56dbe9c605c06a0192e0b00d579fd7ac88	3	88	264
0x02235fe5e5f3591435781a9b39b4b047310a02ef	3	88	264
0x2e20df63f5ffb0578cf4ccc223cb3003a50200b1	3	88	264
0xc74f7804b8646d6e7f1b7cd96e3e4d1d678f2abc	3	88	264
0xa8b211ff533ab307a7c1fbfc0979de6c9cf33fe4	2	88	176
0x3dda69b67252a8a4ed9f5ad92bea54fbed641e0d	2	88	176
0x319b3f46d617943f615dcd3f4703cf1abdc41bb5	2	88	176
0xaf9b5c07e04c5a65062e56baebab1cb8c7e7ad58	2	88	176
0xfe66599492c188be800de6cec6d6672ff785ebf5	2	88	176
0x4cc09c07712f28e204f6eab8049cc1f6b18946dc	2	88	176
0xae17c2976583827a53b8baf92539a157155f5f58	2	88	176
0x4b9bb4fa6b260f66b1958acbc0937854a718d135	2	88	176
0x0995e0fc4caa98730a5c225b5e59dad0cda8511b	2	88	176
0x5d3a45d08e99c32e89323e81ec97a1a668c7ce88	2	88	176
0x43a593ec1d0b0d8dcf7200d4726c7eb8e5dc7494	2	88	176
0xa477e9871bb6c9d666206a82fb5f2ff6007930cb	2	88	176
0x4b75dc311a92b12fd3106b19e73b62ab73a2fa7a	2	88	176
0xa8284cb2ba6ce8156f34e96264eda8f3d79112f1	2	88	176
0x2d48df7ff3d4e1837916a155d281f66da25f5a2a	2	88	176
0x4fe100456c78926ff855b9cee8a61bf224b5707e	2	88	176
0x42469e2fb35f7fd915a3f54d5ea1cb84373fa0e0	2	88	176
0x7eac2114c89985e12d05e14804d60aa92dde0b48	2	88	176
0x7da47d46b1914c53eb0bc2fe1ced37bd2477d507	2	88	176
0x4c7afffe2e26540077c182e3f3f1817f354529e6	2	88	176
0x8b43f40c04fce64cbd37cbb10bbe330910509be8	2	88	176
0xa7e24bf0ab37e4925eb0bdd999427a88fb388d05	2	88	176
0x87959a273eeadd23885eabac7476a8191c384193	2	88	176
0x8be342e20820b974f6da19a746f793285dd8b7c5	2	88	176
0x5e09027e0795d066f7135947f868d209ba92ea3e	2	88	176
0x6633c2dea05fabb98e70184e26b26e669f561324	2	88	176
0x5164f0407cae9a97f909e49b1c9d36b839d73575	2	88	176
0x5513809dc38493ed362c3f773e2e3225db102838	2	88	176
0xcc0320116ef39c981e21f61186aedbb58bd64548	2	88	176
0xc4678668b9897ac681ed792ef80fe0b2cd92801b	2	88	176
0xbf09f3340f29c0106e73ca6b441e128bc3331008	2	88	176
0xe0dd4f5e393ec4d082564382c2b9368bbf76529d	2	88	176
0x9384fbc7ae53fa1f2b858d674030ab3649772b77	2	88	176
0x2973bda61a2ff3d75b3211ef8c8686699aa0214b	2	88	176
0x6d6f9ae649fec4fca9065752acd8286e1c7c5e3e	2	88	176
0x9b1401942ab030f4d791622ba54ac0245d71c4c4	2	88	176
0x5883e8e5b2c2baa58105ddbb1dbe360e66ed8e62	2	88	176
0x69b7b3332adc68bed57141f42266999f40c9f714	2	88	176
0x35b50c7b7acf1064b4134e2132fd586111a2aed2	2	88	176
0x7c35c5b3b46fd12008823cff59ce937be3038744	2	88	176
0x1631f647fd9b902d6c0411ee9101c13fe821ff59	2	88	176
0xaf6d88979931c25549ab176c1b754a2cb38a1740	2	88	176
0x669019f0c78cc06c3a2d18b632435ab667123788	2	88	176
0x5f4158d6f32a7459f6d1ad7bfa8b73312316b024	2	88	176
0x876eb4a3d7261bea7d0c11fb37d605d0ce802fc9	2	88	176
0xa7bc3dc048464288ec1bcaba73e50c2a9602ac04	2	88	176
0x9e66504a892fa84705c24a4bd41e67b6be581c65	2	88	176
0xd76aa530b8c1f0039971eca13ca1850047271af0	2	88	176
0xa80ca674523f4c65bb46a0984c7f8360418cc761	2	88	176
0x42d2184dac8580e6224b361a36ca3a917f7ea67b	2	88	176
0xb312665792d45a3884e605e8b7626ad5b09d66a1	2	88	176
0x6024b43a414789b02a4358fe1ec8bc0aba47f1d7	2	88	176
0x9fb9baae0b6e4d1ac969142dcd47a27e74372f8b	2	88	176
0xf2fe624a770926ad357ebc91609910df483e662d	2	88	176
0xab1580ee6c593d1ae69c8e80592160bcdb9f6c97	2	88	176
0x11b67a503b3b702104eeef69a4ea1365d0f2c658	2	88	176
0x920064cf4c37238a643bebeb733e213cf19cd6a9	2	88	176
0xa97682e1b4c626e99e7061a46806d5ca0f874cd5	2	88	176
0x6461b614b30fa721e41174abe7ee40bf8a12c2f6	2	88	176
0x56dae693e56bb894b1375d1196f163773b86817c	2	88	176
0xbc1e6d3f3c00124f506a0edcfb622f9b3baa640e	2	88	176
0xf3540ad88cc23075f68b62087f53b87702c1d708	2	88	176
0x28c01b64f2492d82fd58feecf8c71603c769bb4a	2	88	176
0xcf2b7c6bc98bfe0d6138a25a3b6162b51f75e05d	2	88	176
0x4059e94f431b2c48373c3cf962b257b7a4b1dc63	2	88	176
0x72404f96d14f6c1ce2d94e833231c659b98babe8	2	88	176
0xf42f5d9f572dc03973f2e45c37b40a431dac6b51	2	88	176
0xe6fd24ffe16cc5a2ea1e7b9b173004cd7b8c4519	2	88	176
0x896b7ed78549c31183ab9ba0f8cb7d104a78afec	2	88	176
0xf3e70a30b767d776c771821f30f09d3ee58b4328	1	88	88
0x9f2a8c96d2750f4a8865274594144c042cd937c1	1	88	88
0x57b06bca19440028810ff7540e244bc0361ea4be	1	88	88
0xdd5f0a2da617fa18edb7b6fd57b2558e03ad298f	1	88	88
0x50ad4bca4c99fbcd6d4200f0d4008074680941aa	1	88	88
0x4bd33c9bf611e936fadc8f4deab7232f89b45e90	1	88	88
0xe1ce2779a63c6cd75b6943793285c8f4572d0726	1	88	88
0xab00c3881757a345618d66846a6d11a5d5297d3a	1	88	88
0xbdbae2795af390638e07022d0b7f355a09f1ed2a	1	88	88
0xccf1b596468698fd9e6e6538e6c5768108c4a511	1	88	88
0x42626409c93d8ab1c7bd69f2b5aa9f8d07ffed72	1	88	88
0xa6d821693855f34f7fd93a856e18474df729d44c	1	88	88
0xb8d4713c9c03193f9d916a36f0525714985b80bf	1	88	88
0x61afc3916147b2ade48df62993974468f471e24e	1	88	88
0x0040daac32d83c78546ae36da42a496b28ab09e1	1	88	88
0x11021489ff3b7e1eb4a5555e81353649fb306af2	1	88	88
0xf6472d301dccd3bfd421777f4d1e77596acc878a	1	88	88
0xf6cd684138bc1d1dda5f8f9ebe326ac632613dfe	1	88	88
0xd9a7a81ba24e16b9b3386c474100d08903db1f2c	1	88	88
0x30482957985385505276b1d70f5ae21be4b9a6ea	1	88	88
0xcb7ed8e406094d63c84c70e816a12596394261a6	1	88	88
0x99b17456ed9c3eb3e2f4f292bcb515f8bb9f4640	1	88	88
0xee8a00de903cecfcac18006b7279f8f6784a4688	1	88	88
0xd1cb331f3a1ec4cce39dcb6bf1b9ba0b0ef60c02	1	88	88
0x8a022bd066aed4ddf5dccb127be6d0aa7dbb6bf2	1	88	88
0x32312014957e870f5b491c861ee5b612508f38ae	1	88	88
0x7659c65ed9449c98d3e91a157d1bd695406cb4dc	1	88	88
0xb120f1627761c5ef4a7a1f215cc69be8be4397df	1	88	88
0xdfc5dc1db0c39e8360922e9e328af85bb24d8ab0	1	88	88
0x15831923e7174021f73cfea65a12b9172cf6ccd4	1	88	88
0x68754bb0d4554955679daaaa6b2616fe1e699c09	1	88	88
0xafaab6848321d74ca4db21033b789270546ae0c6	1	88	88
0x1fb882d2cd57318c077ffe0855033c336c32325e	1	88	88
0xaee2e9aeb0f5b236825c5e1c5db8025bc10d3d05	1	88	88
0x50b5723d7717fac6be36205cc1a5909ad4642a10	1	88	88
0xb0481e4d9513924d3eef075781794ea81b14e0f7	1	88	88
0x63a7384342011f766ccdc66f1d175c8ca61e69c2	1	88	88
0x2c636a094e2fd39b5ce9bfa7da51ecbe2b37a9a7	1	88	88
0xb4dc5453aa5301b33a2234b2648ff4ef15588b8b	1	88	88
0xacd14fd53d58be5c9c266f7d6c869333edaa55ee	1	88	88
0xaad3f4fb91776e36a42b68530de2ed49f6a8883b	1	88	88
0xe359f340a0ff6d5b535067793773dd31b61187b5	1	88	88
0x9c4f6539d6ca802ef06aa0d3bf68c33b03c2b61f	1	88	88
0xfedc6c634d9da6e977488653778a7b9d5c37d229	1	88	88
0x027fcc22a95f07205b8f213a821aa662df2ec481	1	88	88
0x980d5c449b0ff3fdfac4b1ba8de7e9e250bd7a00	1	88	88
0x1ce4e4ea21cf83d9606bd13eee5febc3aa910cb3	1	88	88
0x7ecffd961be24d2302481bf33b8609b2d58b079a	1	88	88
0x089ce1ad8aecdb08ba99fdba3a9357f57f69f0c7	1	88	88
0xacf7485fb983c96d9fc0cd4fa59fa90dcb09c3a4	1	88	88
0x6e7a6988c009b245a7bd6f859476fc60248bc129	1	88	88
0x4d6d0a0e67de849c2eab8fe65969940aae2d5c8a	1	88	88
0xe991290a98299b13471a16f87e269efbf5a6389e	1	88	88
0x4dfa963e194c4130fad0fd999dea7ecc68d953b1	1	88	88
0x181c27b57bc055655bfbaacb5614e924e1af15a5	1	88	88
0xc91b4186319debca0f0df5aaeccd498e2e40e9f4	1	88	88
0x14057ad8de779090cc02f1b9f70e3c995e62a206	1	88	88
0x482b92e41c63f53c25ada9b1fae908eaaceb2897	1	88	88
0x5fd19f329ea700d8c0fa25b508e72fddbdac9103	1	88	88
0x4389c066c481232f778e7f180d1682d3b421550b	1	88	88
0x4c60453191a2da6620ca08b8f9b23cdcdb4cd63c	1	88	88
0xa0b4929686183074c4566451cfeeebe23c87c538	1	88	88
0x7efbdc7af99a6f54f4c8cd9211aeb015620bd991	1	88	88
0x64c25180e18a4cc0e428140294a994eadc7b180e	1	88	88
0x5d0af5a949d65bc9e8c2f8be252f7d0f76816a00	1	88	88
0x64df7af696e0977771a0e1e1b1a8dd22ded3cf4b	1	88	88
0xdf443d68199a704901597be810f1ffbef1d98f03	1	88	88
0x8500761720594b11afd96c04c1e60720be105bc4	1	88	88
0xdd16f14aa9226e7ecc456f8b52427f92eb7b84ee	1	88	88
0x7613b0e4790ed78507c9ebadf1d14c429b63270d	1	88	88
0x04875abd62b44dc08970714f23cf35d006a1f810	1	88	88
0x899dd432258ad84d538051b20061c237f838699e	1	88	88
0x5f9ddd54d19d4a7d6da010f8a934f9ecfd0149ea	1	88	88
0x8de3c990e809930a919e435eb29f4268d5e1da92	1	88	88
0xd9a889c31878343cc72a0025d54f25914c363012	1	88	88
0xe97ae8cd75b9358c2e7b2b3db29f22cd299311af	1	88	88
0x7478f56e6ff68c64ea042763cf4e72ec761e0f21	1	88	88
0xedd33b6cb5668dfcf5a0f451d5b62660f4e7b4fd	1	88	88
0x5d1e1f48d9ea738c18af2dc71fed48710d3b1e6c	1	88	88
0x1d27e54d8944df1e393ae87bb6c72bf457f245ce	1	88	88
0x62352f1a701cff2aeb6b69d6a8cb196887020f22	1	88	88
0xd9981790b2587002e100dafeebb82be79ec398e6	1	88	88
0xaa2377565b308880facfb8dd703dce3d7e0b5903	1	88	88
0xf59da8b774a174de91aa38cae97183bb353f7dd7	1	88	88
0x068c8fe8420bcce9f7b53eaeb4e401622848d9d5	1	88	88
0x168d8b164bc37820c3cb9e49b6e8b788b3d9366b	1	88	88
0x5dabc311fdf828aabe0d363767a1a03d91dc7047	1	88	88
0xf564192863d0bda01f9f844685f3642a938336b3	1	88	88
0x587ccddfd8c54664e71a873df7ca829fc659b393	1	88	88
0x26642cacb43e74eb46d68f6a3c0f4238a4f192ba	1	88	88
0x2e6ebd3961a4b03f55e9e6cb5dff7424a6b5452f	1	88	88
0xbfb4146bb57272aac0113a6f27ada5b64e34b83a	1	88	88
0xfddc7de3dd66cf11449b3b1d6be895178a376f59	1	88	88
0x011a310e78af1356d7f108586bb7e70f856affb7	1	88	88
0x03e71c9bf6778de10d438bce98b057f953cce0ba	1	88	88
0x771c3994d0f838eb7a163513b1f41f8417458f28	1	88	88
0x6184b6e9bb42877a4d4e0570330cfa5a5dad5515	1	88	88
0xf38c611b88a36c5b3f5da5107a4e9b71b3189448	1	88	88
0x3fdc8e0e83401d9b4dac946b6892128b260b5c50	1	88	88
0x4f7dd098060f64e698efde35d5e4eda655f65f07	1	88	88
0x051d615289c527d09efe581ccca4018011638733	1	88	88
0x44ec19cac704a4b2d29d7b2cd6e7604c649a93ec	1	88	88
0xf6c95d4937c4445aa4816d999a470649110091db	1	88	88
0xbd67ea50825eae3099f046ce4347b2b2c1c45508	1	88	88
0x34f59297ad78a54ed80f4ebeaa7bdb250221ba5c	1	88	88
0xd6bab61fa273dd0a3aeade5f0c6926c9ac6e6b86	1	88	88
0x4315d24f163f971e276c22bf9d54b2966fed4697	1	88	88
0x304520291421dbbcaf1ed1933454f0329aaf4536	1	88	88
0x9f64d568e9a0d9189740cfab76f239f7da40390c	1	88	88
0x963fd7cfaca6f9cd6fd926290e60da965019be42	1	88	88
0x7db3d080de992b1e2d6dbb4517362c26979a2770	1	88	88
0xd25987d2053c95de82d2b4a8a85bf459f6607d80	1	88	88
0x1183f7bf59cfff1d6772663441bab3aa6c27fa99	1	88	88
0xc4f98eedbc23492f30c1f72fb82a3ee31478da64	1	88	88
0x5f17fa2e7032d8b36d08b17317bfdec048fb1ab7	1	88	88
0x6fd17f8a56782d41bc6aa57cd7b90df7c6339778	1	88	88
0xbf692977a94c1f64ad6c7634d36ad4daaaf5aeae	1	88	88
0xac6c6dad0ba829d4c2f979e40f18a3bb9edc4fa6	1	88	88
0xe370a1a48dd8e74975622db20a3194cc979af65d	1	88	88
0xa263c0cc7ce8243d57cbc745db417de4c85b2407	1	88	88
0xf9569061138c3d0c8b84b1e625591e721c03bde0	1	88	88
0xc117ca22c8aebda61de90fb12a3c04e22763dd7e	1	88	88
0xfea11d10226eccb7292d5c4228d988d888c7d3bf	1	88	88
0x69d402bb7c5e84583ae2557957973e0bd25f3cf2	1	88	88
0x5ce868c21dc878e8ad752297d21991cd8ffa5e62	1	88	88
0xe34587d20e1479b091819ae6c8322da6ef661e22	1	88	88
0x7d3a06ef778f6bbee73a9a62988ca892a6d923ee	1	88	88
0x6621ee9364535e9e969bfb69e622ebcc3fab27c4	1	88	88
0x5f80d6fddfecde9f97eef8ba694252bbd71e1588	1	88	88
0xdf9a831c5c582af49e8f652f154924944c21782b	1	88	88
0x33914558098008e01a7c22bbda22f7970ad52385	1	88	88
0x44f4f62bc45c2f73a01a1bab894ff3ead6a316c6	1	88	88
0x07dffb8bb85a51b2bf856cdc286fa639248d0733	1	88	88
0x769f7c92dc105caf139792060adcf0f7d61d4267	1	88	88
0x8f329a2acc612d72ce50ecc4d015b2df5f60da37	1	88	88
0x88bce911ce191afd6ea143ea91f05a1e57467b53	1	88	88
0xa261f90743316caed0205173637ef84d1740edc8	1	88	88
0x8384098bf29e3a5357a8e0530d8e364ddc28bbf8	1	88	88
0x496b92bfb6f1e8647368a0e0282cff655ed9bee7	1	88	88
0x1e95eb63cd0df2ee8ec59c021250c4234a0476d8	1	88	88
0xe8487b638fdf83586e5bb5c967718fa959ea65eb	1	88	88
0x907b32f5cd21ca55004a3950451ab52b7047fb0a	1	88	88
0x64d35d450a72ec5255ee42beae80b6b61251fc5b	1	88	88
0xc5fd16655c94279f9fc9e6288cc58fa04b985f9f	1	88	88
0x6acb292c91d42a384226a17609ca1242609081fe	1	88	88
0x4af475bb3c4e69af8dac973d15f256bf1da1f555	1	88	88
0x1d73ccc022ad91625801e4b13b40a8f71a1c58ab	1	88	88
0xa68c490798e965ab9742e8bc7f6c5610563d41ba	1	88	88
0xba1d51fc9a5c146a0ca14587bec853ee5b03399c	1	88	88
0x0cb1298d67a9d87ba8b6054f4b9fc9ad488590a8	1	88	88
0x81bf2a0a6bfd918ad6f31bab62a1c264c25e366a	1	88	88
0x2eab3d2c339f1f08202388fab8e4c91db67dc859	1	88	88
0xe449324a76fcbdf4a851d550b3ce5ac476a38adc	1	88	88
0x730eb1704ea4e78da30ef8fb16019e19c9719de9	1	88	88
0xd0de6d340ff7353e69a81f75c4e0ff6956d5d798	1	88	88
0xc8b6c5b74f36df13f0c4f9d410916743a6af293a	1	88	88
0x2081a6620d8eabb30413c07b3673a64c64be78df	1	88	88
0xb47ab028c1d2e5708601f71814327e62c409dfad	1	88	88
0x8d5e4dda8e096efec7da820a154040581d01f90a	1	88	88
0x25cb3bb5d5d29c9fb07e2cf1665a4a6aa6c340e5	1	88	88
0x19f79a82bf11aa5a9f74201d7323f58a218c2442	1	88	88
0x1f1dd7a6ce48b810f039afcca8fd3fd9965a80aa	1	88	88
0x64c4184c90079bcfc2ab721e1ca1dd3ee6b373ca	1	88	88
0x173baf1e2781ebfc62b6e08c15320c52a4ac4c42	1	88	88
0x7db311615c62597ffd070902722fd02ca501234f	1	88	88
0xc6ed8bd6f72990ed27abb25213a0c826c82f4e6b	1	88	88
0xbd58122142203dea1104032295eded7265040725	1	88	88
0xf436bc5ca11694433dd372a72bfc7ace16ff69e9	1	88	88
0x74583469289f1e14a7b35b3e70e9b706187643ed	1	88	88
0x60c7c9ae5ef3dbb56c74037e17ad823693a78bae	1	88	88
0x92c4aaf98d29f5ffc93112ee5d21921a0c5bb068	1	88	88
0xe7f9b336634bce5e168ab4225f19f72e1d3944b1	1	88	88
0x2a30cf39a402d08ec1ae69f274d36d599a7162b9	1	88	88
0x9d954eb8c10f7427fbf0b6e63641ef02a7867cbf	1	88	88
0x5df364a522922e29dd581e9e79fa1c45f1401bfc	1	88	88
0x2334428746ccb0f6c04e00daae6d8b33645eea36	1	88	88
0xf2b42b47eba3cb6e723ac023c4dea538015b0ab5	1	88	88
0xf3c7342f4ba7251d99339b8cd9b9206c356a9d17	1	88	88
0xcbeae57919125aa7cbb3681c95181679b3ff8453	1	88	88
0x40a5f80c19bb2daa6408c428891a64c9c38cafec	1	88	88
0x6ca85a8e9404c9077db7bc8e38aa86d8515a1bc9	1	88	88
0xb28c032768adc6116e5bc528cd9e2c6f1164347e	1	88	88
0x2df22a75cebade3d206f4e99508a23e217a91a2d	1	88	88
0x6c7d0ee04194e8c0be559fc0d9ee4240cf66b0c6	1	88	88
0xca3c289b5cbbdca7190e1317ff0568c87bbd2c83	1	88	88
0x639df834ea1ee90b3e6d4c3fff0d90d54b2778f1	1	88	88
0xe44902678cb874e2ff00048aacd94ded7aaf1ea2	1	88	88
0x5846be8f0a61e4e0bbc32ba43332fcacd06c39b1	1	88	88
0xdbeff00aed19d5763dad61b380986cc90d0834e7	1	88	88
0x5cf007a311446fd81ae0d06c26f317bceda88cb8	1	88	88
0xbb6080474e2b643eb52152518e18af45036734df	1	88	88
0x71d019fa2185530e88f8252083b1e36333f5a0c9	1	88	88
0x2b139160ca0bdd06efd3c660e14090114bc074cc	1	88	88
0x5a9998487a3657d42b91cc4e16370719e1ce010a	1	88	88
0x9331b6fc0889424127bc628dc2e36638ff510b73	1	88	88
0x554c036a0c3e9b8b4bb9434ed224f2339be6e97a	1	88	88
0x9847b662597218eb7d67a3b538ebebd6416bf6e6	1	88	88
0xc39dbf2840a0038c46b7a6bdfbdacccaf6412940	1	88	88
0x7753d5c7b869799374d7f347e21cc41d0e883781	1	88	88
0x49240ab643f9e5893412ad43a6832577dab40836	1	88	88
0x62a5ec8d6622a2fb984c4ec202e6550b3d4a3919	1	88	88
0xce4f1597c42fe7b00f594e19112489b589cb68ac	1	88	88
0x9bd2df0bad058800e5b1036f6c4a125432d5dcb4	1	88	88
0xe3d01cb093af4e018c7d298e965b338b5ea7a24d	1	88	88
0x7f79d78cb35ee57451a3fb7ef0b1bcd1ea56eb40	1	88	88
0x44d3406f183a8b89b7a8f060ba3e48bd76ff2eab	1	88	88
0x9c92d16e8eebf6cf3c60db3e44172b4b9cc5f6f7	1	88	88
0x7cd6dd1e0e66d1f22c0ed40502120cf0c1f5272c	1	88	88
0xc31b1cc43bd8cea2ac6f999398544adf820c240b	1	88	88
0xcfeed05a4da8787843750851d25488837f3dadb8	1	88	88
0x2171c00045f6ebfe229d90e489b257626522b038	1	88	88
0x5b7f51ee8b2b705e0965dd72e9c93d8762574863	1	88	88
0x2c5c8e538a67d2238c4a78e8025c35cfbc192728	1	88	88
0x6d54c1ecba0ad4a02565c58b70849dcd6ebd2f05	1	88	88
0x22a5f8ce44552de4b8e99b44d6d052f82770822d	1	88	88
0x82627c865628eb26cd0a6f46ca644a29e98b7112	1	88	88
0x5c71c68338e4f44b64ad757b78dc4331acae8b6e	1	88	88
0x303132da0397e3d3bc3a9475e1db85604eee3cbb	1	88	88
0xc970e91c341ff43b868a6776a3e2ef2c3edd1eb3	1	88	88
0x15a163b64ba0e457536cc3f543134834b7f6d001	1	88	88
0x2822e6fbe0608093b87b68141ff03083ce2b8869	1	88	88
0x1a7b46440541784a4d6fcd20ea345f33977ddd96	1	88	88
0x07d2fff414f4432657594845984eae915b8c2908	1	88	88
0x1bfd0bc878b72f598045e8224beb89a2fa70678b	1	88	88
0x40508044a1cbde3df05d92955d69a8f0d5b41ddb	1	88	88
0xa504c0478505f5e34a6a0f436a475cfa99420b4c	1	88	88
0xdfa9fa18526c367bb472b2da5b1570842e21363f	1	88	88
0x4ac9721dba23fbb8566f3ba90d4fbfd16a5528bc	1	88	88
0x9b19fc1c0f2b7fbcda6f7700be884dbe0b29cb74	1	88	88
0xf9df0b942eb7fcc29067fdf7156d86f4b024df6c	1	88	88
0xc17464c8f396d193d5515ed62f4598aaa8a65f94	1	88	88
0xb43398513af781f24900e08ce83e7054cea0ea25	1	88	88
0x3fac0261a23f4422e3e3315a6217f5f26601be60	1	88	88
0xf7ac1a630fc9d9481d8179e1a95ea57f9920ae96	1	88	88
0xf7cd135a9f8d9b9465c66a0ecfee1106694247e7	1	88	88
0x2f3dee90e338dc197ec1b164c9c40e47c2fbb5cc	1	88	88
0x3abf619cc5fa295865d02813b49922c699038a54	1	88	88
0x8cef233d8b707d11f3b455fb17fddf9fcce9a7ca	1	88	88
0xadca5c1cbfb01bf8015245c5da88ec1fca6dbcba	1	88	88
0x8dcbcf84ab15b58888c42ffb318f028f98fb13be	1	88	88
0x03ac24cfb688961bc028f8d7d182c5db02325d3b	1	88	88
0xfe1696c560e8d80270de01489808ec5465ea1a0a	1	88	88
0xf65d31b12193f192237cd423762d2cf137886f7e	1	88	88
0xd4c7ef60a5514fea9560cf337236e0e1c7a43d1d	1	88	88
0x09f1177ef5d5e49df30c0149344ac1efd33a71e5	1	88	88
0x8655c7468241acca4783bf74c4f68df31f831133	1	88	88
0x3d7462fb80940d945913bf03d856f175cf218bc3	1	88	88
0x3bc4fe71ebab542738a729dd90f78b7a045beb48	1	88	88
0xf22190f3c4c07775362ad952aab30b25fd38a13b	1	88	88
0x16375a2bde7abb378478251824dc3a6d00abd4f8	1	88	88
0x8b60ebcd6dfc2b6331fe42c0d54f1139ba6c373b	1	88	88
0x9146c7da013fed4a8fa0a8f59163fc17faec2f31	1	88	88
0xb6e3633baca360f52d51c88b2a1b00200275e54b	1	88	88
0x4356c612dadf91f3c84199900206f6ab66b9eabf	1	88	88
0xd09fd086e4ac1cd7e6c5bb06998a1bc4ba4ad39b	1	88	88
0xe3aeed28186fd6d9e0435b26e6f6f9cd28ddbbf2	1	88	88
0x20be9197c53eb6acb0601204a36b97475a705e5b	1	88	88
0x121acd487144141c8a3a45ea497ab35e9d1e1a82	1	88	88
0xc12435a73ee9f4f2e24a910633207edfddbd80ff	1	88	88
0x84f01a5e0019f680ecc99f9009c530c6e6e3e94e	1	88	88
0x7bfa523aa14577eecd4af9b12c1d4f2fcdf71bbd	1	88	88
0xe62c66bfd4c5dd559ae504107b9b6f0dd4afb431	1	88	88
0x330e3fc49fea8bb2686344c059b017cb3f76a93d	1	88	88
0x7fe60ac6d4c2cf3fc5e648d4fa2c27ce7c0271fd	1	88	88
0x5a9eded0549b6aa99d65b4098147d0fd8c7af332	1	88	88
0xfdd12d7434537557d9d123c6e379f34689ee3927	1	88	88
0x606cec406717303aea201da2b90dd625f7995792	1	88	88
0xa0d4ce9ed3a40b1dd327efcc27ca75d2e23c1843	1	88	88
0xb0309674f2e8de5a99563186f6667b92e83e6b49	1	88	88
0xfddbc0165591592e95edbffbe0062fd8f7ed2b78	1	88	88
0x2b0c4934a047fb6dfb0a7bfaf6b34522873be9de	1	88	88
0xcf01af80de9071eadea26ff6beafc7e958984876	1	88	88
0x1be8e20ff56ab128934bb1ed03037ef8a6981fca	1	88	88
0x1ec41e5da1c3ba1e3f1aa40870f19e30566b5295	1	88	88
0x0bbac23daabd18bb4cbd3c43efc555cabb61b98d	1	88	88
0xf7002907561931ef39f70f381fc7b06fc8bbdc9c	1	88	88
0xb383b9128519e75c3f2e42a8048daba997215f1e	1	88	88
0x42dfebc0bd280c108536d2af8b3de532b834cda1	1	88	88
0xa56a976b36f5208e227c2a33aa942c2a4b785bca	1	88	88
0x3ddbced01f78d851164e8687f8f60fc98719e446	1	88	88
0xf6e17a0cb3963ed820a5dce4f65df8ec32056ebd	1	88	88
0x60ed939fc21c9183c9aa8218e0fd32ace9c2d4d3	1	88	88
0x8275160fe6663436f10d837fa43a7b50a80f90a8	1	88	88
0x09f0977c94d5e3131e69c26dbbf339189b6ce6e6	1	88	88
0x71852935148f033a58ff4b66d45c0cbc4531f82d	1	88	88
0x2d488da10011b6c28ab989333b84205b8994a11c	1	88	88
0x35851adfb42ce9c72559691f13b51ad831df3283	1	88	88
0xb6466043e65f864cd3037bf6762b94900bb5771b	1	88	88
0x54ef5bd40f8f9b9f038f044e96bb752feb5a7b4a	1	88	88
0x0e9a340c8b5ffb3f13ed01e8c59e75076ca1ffa2	1	88	88
0xa5275f421fc18712c20683da419604da033c2618	1	88	88
0xd5a79c9910e7a412069d31097f07c2fd6578a4c4	1	88	88
0x2b9a03a21f45452fc159a3d51d273dfd0ab0e4aa	1	88	88
0xe11e8ea234819df414824b5e1f597270b8a5edc0	1	88	88
0x7b6857d0a5f21772f20e55d5d61c73338c69a797	1	88	88
0x2b012d45f2a8815a989ad422b19d81e6db6c2da9	1	88	88
0xf8db962b593055378cc4138bd8e501abb8ee054b	1	88	88
0x9a5b88f3d4ccaa8b72be0a9921c578fa58546484	1	88	88
0x6cda2af176d8fdb3d5ebd1047704fde7e02196c0	1	88	88
0xb76e4008bc14dba9f2010bbec6554967562e4b97	1	88	88
0x092656a3a356dff31d6b31b37e1d19bba0ca60fe	1	88	88
0xf2e1058cc4c3f5f85c65fc01bc0ca8a9c1ef4fac	1	88	88
0x37e89cc8f40230705db790e884d56265fc044e7d	1	88	88
0x484ad6aa3c030f096b5d2157f4cc43f2de759095	1	88	88
0xf09b0cc9de00e25e6d5011bd58530177657cb42b	1	88	88
0x99d3d50cd68d53e57412c23b0b7267e176e6971c	1	88	88
0x7afb49f1bdabb71017ba7e964c60d13bd3571486	1	88	88
0x7c73a90cb57a2296d44eb6e32833eccb48f5086e	1	88	88
0xba7fc77b1f0f704bff6114f11dedd252c5bebbde	1	88	88
0x484e5d8a8452380195db5f4ad7c5b1f4c0c81106	1	88	88
0xdee0b62289f1213b10a88f1fc1d8843e65d8375e	1	88	88
0xd90b91d4a2fcc88f5fcdd5e58112e6b3580d5673	1	88	88
0xfd36d3ab594b37dc928aa17f224b8ab3a855dfce	1	88	88
0xbe31c1c67a4bc03129312efb5875ac0aa73cc44a	1	88	88
0x6649f39493dd5b5e8dab2ab2dfee6f14b7aeeb8d	1	88	88
0x30a7351a74685aaffb999c2f671fcf3e5559e34f	1	88	88
0xf9ecb29b737f9a619fdaa350f2d98d270bd055bb	1	88	88
0xbf416df5fe6bc15cf799625d45ec759119a727e6	1	88	88
0x1c49bc5205229fc4a42aa5b29ad0b54e05d0e5b9	1	88	88
0x2a3bfda253c01afe5a7efd88af70ceb228278fe7	1	88	88
0x7d9310ae2302d0e0e3babfdd0b316240b7bfd09f	1	88	88
0xc7dff3da301aa2435b893f06bc94d54c9abc8420	1	88	88
0x55469f98207b7efcee50eda56119a0d5236377ba	1	88	88
0x29d4c13f45598a7e765c66d824604795873b88f4	1	88	88
0xafdc0ab7523b5193b4273e1eff084351eb579892	1	88	88
0x043370e96064a0d9db96cda0a18469070cb6c6ba	1	88	88
0xa734536130f8411307490d5987e93c5de152f223	1	88	88
0xa22c8dcd4aea3090262dac7599c8f967d20ca007	1	88	88
0x73310f80147b3de1e6a32864ba7e0cd37d8d8838	1	88	88
0x405f015dd015c40e6ce3f790c9ee9f180a38f574	1	88	88
0xb0a62656cab849b2fec5d01618184e773bf60ba6	1	88	88
0x58a5fd97368941dd06760913e34a922ea158fdeb	1	88	88
0x173bda3a75b2a4283007696bed92a8819d1cc83b	1	88	88
0xbaea88add158bcae9ac45e86cb6ebe0bd661b8e2	1	88	88
0x9ab04636ae1bb2766ce24a15d95dec97a538a26c	1	88	88
0x6d0a9f5c71b2043ebbfd439c83b0a2d6909351f8	1	88	88
0x224fb1b7a430cea032ffb8a282c6f2d1a0e36ce5	1	88	88
0x5e5322f1e23a471383b2c567409612c0472a9cae	1	88	88
0xd6bb8408344c36ea9ca85626f671619cb5c1114d	1	88	88
0x22c2552a1e89bf1b0e79b35c7dc4c48c3f3079bb	1	88	88
0xe6a84c33ff8d50f618549952b301f908de01e755	1	88	88
0xa79743eda4e4ccd90878b2c91148d1bacf89d626	1	88	88
0xc1fc79d617cc190abdf4f8bca6cf34d43710892d	1	88	88
0x9976e8e7aa739a88756bc516d7543351514d3536	1	88	88
0xe61976e5d560c56b837fb1d8575b673f88924bee	1	88	88
0xb81340740c591890718cf32f50bff07026f9d0a2	1	88	88
0xec8ac4a4622b578ca23637ade067a1aa153a907a	1	88	88
0x27f8272fb0cae434e734116bb7c3adc604219daf	1	88	88
0x8c5a5df9da470ce8cc140f90c030ab215bd6fe2c	1	88	88
0xebcde84b992749c028a48d5d0ccd6c132d7e7f1b	1	88	88
0x7fa3e2600c1efad0108a5b9c2ca2dd0ef55522e2	1	88	88
0xd56dd53a0bfc6880f40c6671740e95fbeed873ce	1	88	88
0x9e57fbd915687feb1a5cf63cb9dfdedc5d7fd31b	1	88	88
0xa32c90037b2a80de2ba5bc09e0b4aac594df61e2	1	88	88
0x7ebd2057f72e5a7b3f0042e205f786413b8e4c20	1	88	88
0xca2d2b218aeadd95e740321694c8830eb8b008c1	1	88	88
0xce7de10dae9adf960ccd5fda0694d2779aecab7e	1	88	88
0xd94067deb06a212093a028cd5de40d195bf67e5c	1	88	88
0x2cfb82be291f0c064f567e4c4951f3eac6318816	1	88	88
0x4fd50cf4a72d0549e387565c99e4801e689b07bc	1	88	88
0x1a0688db86bb188f296baf260c693b6b221fcf11	1	88	88
0x335cd8084a15d733781d862f5f964dc617a7668c	1	88	88
0xb2b29c33679e0823090fca0c3a987c4785d5188d	1	88	88
0xa9d213c4288522115260bc86ad725c06701b54dd	1	88	88
0x2b093689fef7c6d2efa67ed596a45d8b99f20084	1	88	88
0x8565463377d37877246d94734c2c3196efa479ce	1	88	88
0x4daf7f262498c8a0e9cc2d46359cc4a9c409962f	1	88	88
0xcd4883f8a417fa84621aa2dafe621182df007ade	1	88	88
0x2607102dee4124630388eeae0c88fc8da19d083c	1	88	88
0x4c8ab413d5cc5cf23a2134aac9657a70de300ae1	1	88	88
0x8a63978c143e81b8a3b64dc3a5297065f0a7419c	1	88	88
0x4479d42f6341de16d9a40200798542eed5502b83	1	88	88
0x75ba779ec51614390a23363b1cc84378fc0fb136	1	88	88
0x9a20913f0eeeb6b96087d64088839a5fda2bb5cb	1	88	88
0x02d0029e502d03e27d4c6ca007528ee91b095ef5	1	88	88
0xf664850c84818b0b522796b11d892eebfc2210a3	1	88	88
0x76331390122622849d10ec6c01a93f73091c7638	1	88	88
0x4dc43d0371991f9fa99103359ee80600f61e7365	1	88	88
0xa06e8b5978ed63fbbd599f1cda32287482541d3f	1	88	88
0xd231b0a3a31a83f67ae688e57931929293e7e9ed	1	88	88
0xa80ff2a416d65900d06e5f25cda2bcf3706b66c1	1	88	88
0xee67aac2ba435185f7fc6342ddc13c8da3e395e4	1	88	88
0xb3c656c549fc54f5dc2243d6da9c11fce7b43d9f	1	88	88
0xfde753a27990dfd62231580c6e9a413ce34ad50c	1	88	88
0x4cbb12770192437e7d66799932d7c72b859d848b	1	88	88
0x9fdaf45dbaf6eebead4b95590b047d6fc686c036	1	88	88
0x643c778fe17869411941838c8c95d20e4182eb54	1	88	88
0xd5c87a661bc8878ee27fd71b70899a60adbf2f1e	1	88	88
0xf8f0afa8eef400834a760f01f878492411c929b8	1	88	88
0x8aa716cc2f86d1fe7a3c8768bd861de26a02374a	1	88	88
0xe9540b95d4cc2ed62e9e3f5ae04362146ec92030	1	88	88
0x9c16b23e7ff2b3062c516fa78c1d4868eba58a13	1	88	88
0x64bce36cbfb8dd1cbdaf94e96641071bea6dc644	1	88	88
0x027701a07f07abb58ce700e43f23dfd29d12476d	1	88	88
0x600ecf8e18a660022ecba13cbd4ee013b5c92d28	1	88	88
0x8ef1c71b0634b111dbe9a2541269413b2f8058a4	1	88	88
0xb042e4149c453a0f051d9ee6e73875b3760f8651	1	88	88
0xee7ae0d7d58d5f67bae094d170a1236a312c1019	1	88	88
0xaaa00ce079fc3c64b02f103f8ed2b94dadb1091d	1	88	88
0x7984f177bd1cde54d51bdeba7292562adc6e1ef9	1	88	88
0x31392a0d3ed872364c7ec2e78d50cc8517400698	1	88	88
0x2f740170a5615b1c9407e48ef68a7fb724b117d5	1	88	88
0xa695134bbd4d3d8d4e8483ebb3d5d944caeffe8c	1	88	88
0xb6cf5b4f52f5804a4d63ba660d12598273424650	1	88	88
0x03492b67500fa0ff05cad59836c34e91fcd6cfe1	1	88	88
0xf598c227f6926a8ec03cdf1d0ec58c38d93edffb	1	88	88
0x8d332b8318e317bdf5cf5f69efda6eeb3a5946ac	1	88	88
0xad331e82d949b7e7bab45550f3a75807868d3dcd	1	88	88
0x3ab78d1dd71ba40fc7c157462a0a82c90237a925	1	88	88
0x9237985d03657d5467a4361ae687015efc555e87	1	88	88
0xbed9d99943a2656bd846bf638b8260f864494246	1	88	88
0x959ba279cf08f55e5606391af30a0f1f2695494e	1	88	88
0x52f42afb8536387feabb89431cf0c8d0bded266f	1	88	88
0x1675c30ea7adc2b927114dee88eebf50f9ebf094	1	88	88
0x924a7d1142cd249321fcbe68ff5b28835813684c	1	88	88
0x8922f9ad9e9940312d9bfdc4d35c79535a775adc	1	88	88
0xe85b4315fd0596a03a56c1ba4e8698e46fe6aeaa	1	88	88
0xb8556b90c1de2c14d5090832cde334f8d3ac9492	1	88	88
0x50d59aa221923e852aa12ec20e6c5f3fa2559897	1	88	88
0x25fd841c8080c7efeb23efaea47fcd4521ede8aa	1	88	88
0x8e2fcc458987445bc32a7d245e597d3899a63134	1	88	88
0x4da53afa9e89a20c8057dbc8f31cb3c2942521eb	1	88	88
0xea332efa3c8b29ab7de2f113be4e47222f6a2551	1	88	88
0x282694923ea12ddb56513b0c49f443c1c9216129	1	88	88
0x37a609e0b4d5ca9cb54e987c25d5cc9b1365cbf2	1	88	88
0xc45fe768d0434423e226a260775490e30d142702	1	88	88
0x1e4c6e3071d3d1a0d042d5b26067b69507e73bab	1	88	88
0xe4c9769be8d931bda67b5894af4ec11caa2aaa91	1	88	88
0x93bb3baa3f0e42ee922a5cd80532c1c109539b75	1	88	88
0x7333b56d03d6541dbf183939641aa388d09782d1	1	88	88
0xfe2169c34e84e2c1ba4fd317f1cf24967703ff13	1	88	88
0xaddb723125cbb6567c1fb3931bcfe20e539650ab	1	88	88
0x16eb5e593baba7dc52e8f966838245cd6ce00ca4	1	88	88
0x64ba0423040165f8b24d4c341de6ee48d1b7bcdd	1	88	88
0x6070e9c92dc954878279c9806e81ffe0a28ceee0	1	88	88
0x7c0be011e1644b64562bf3f1300d8234e1588eb6	1	88	88
0x4d2f0be3bbc96082f996a09e06628fc76ba3e913	1	88	88
0x17a70f357164a89e94d294191cc938e4fff986f3	1	88	88
0xa5969db5c5d3987b6c23043e1a7bd1dc1a443932	1	88	88
0xa478d90a1dc61a677ab422b17794e0d71430f010	1	88	88
0x2204dfc7354216eaa147e2568f978643a35c693c	1	88	88
0xb82a4f52607d0ba16aabcb31a6dd5156d99ec6bc	1	88	88
0xd43721b8d4fe11b1c7f0ce0d2f30e2f76de8a756	1	88	88
0x457b45e4cc882e4c67c68ff714a367dce204a9f2	1	88	88
0x444c1574dc52c6a95dd67e1f2e315a9ebed5d716	1	88	88
0x649812f71210973f2802f43204f2243467d03d55	1	88	88
0x6adc97891831d34607c147199904820fffcb88da	1	88	88
0xdcc011b54fb0ecc5f01ca9c4fe8c261292493eef	1	88	88
0xe90847373c5840f43622b1a2942842d157f73995	1	88	88
0xffd22d07f3bccf763115adbe85d566af5d510df2	1	88	88
0x586e390a2aefa3ff22f8739e61edae969dc60d75	1	88	88
0x5a633dcf19224437de4db1e7b34eeb364beda89f	1	88	88
0xce485e854ef129d13dc1e25d103412bd25e97904	1	88	88
0x5a9c9330d5bf7c5e1dc9a1f624897229c0024639	1	88	88
0x24e2d588c56076f3d37f59e67120b70982204d51	1	88	88
0xa76aa99faf20896dfe819a453917c37fa93dcd4c	1	88	88
0xd94ae9369bad4b6ebeac34f95bf2634493b06ae9	1	88	88
0x9e5fcb5e5b9a5bc40801611d4c84b7dbd9384ad2	1	88	88
0xfdd512d73964178cc5619420e75dfe466e8b4112	1	88	88
0xc28e8a9c2fd1109a5e8a769153d06c97b6476c29	1	88	88
0xd704bcb2d56cd60f780ba3f5b0a1f6783408718b	1	88	88
0x97b386bd2033c486ac60d346037c87dda9c3012a	1	88	88
0x66668ff4763be5fded1ae1f77a0ed6dc4117479d	1	88	88
0xa9f27a51ae2392c3c520a10f6762b1fb95e85efa	1	88	88
0x7cdb633597dcc40d71b9a7ff1e8bc60a66f28c12	1	88	88
0x99d4316d3dd8d7d821f07be9fbe5a8d3338a3c0c	1	88	88
0x038f5432000638223d72f8fc1404794b02438f98	1	88	88
0x43b87483476888f7bf343406978ab73bd74550e4	1	88	88
0xf843a4171ad45a939d3ef03fef8a9b45a89f6342	1	88	88
0x26b8b7babeb463c125592d9f0304b562d2c48125	1	88	88
0xea70da8521cee02f14f1cdb4d9bfa3e6eeac393e	1	88	88
0x9bfc991b183aa4293ec8c1f28e3bb35c95177247	1	88	88
0x4ab98c139de4d99885992574a240710ae0908a4d	1	88	88
0x4d392a08f8198a8e56c58bdab6d01e99ab33c086	1	88	88
0x3242048c6bafe7e1d7624a9e19a3c519945c36f8	1	88	88
0xc93551779528862e020a166f82b646f56e65f1a0	1	88	88
0xf2364d391b2376f8477b4374490e5380ebfcf9a8	1	88	88
0xb4b732b79c7837241fc26c4b3e3e88a6ec08a750	1	88	88
0x615647af24decfc159f0c72d0fc903f96d6823f1	1	88	88
0x42cda1f7ecf5e8bb01b60185a455254603502277	1	88	88
0x5b7196b7d211c4cdd783664edf460570100f6d04	1	88	88
0xa3b156005f87f22329f4b6676a1bdf0f54eb2c1d	1	88	88
0x2e5d47b8e960f4ee1e8c7c27b34bf964499448f1	1	88	88
0xe6d37b30db29c16a721b1a2cd50876815ed71861	1	88	88
0x074162739033ef0508bb6678d5a12b8ee329d305	1	88	88
0xda74b6ea5e5ed05f851104c9b74547c90ecae18f	1	88	88
0x2164261e9dd16933ba27eab11dd2ff27805c1dbf	1	88	88
0x9bcfdec181e44cb0717bbf3ec7b3174ea9c4c0d4	1	88	88
0x856968d78694baa5fbf0273a8024f83b86379d5a	1	88	88
0xbf7f7f89ce6d7cf94224495415b72d48929bbbc1	1	88	88
0xc64053421427adba452c9b3b4ac236b649ffb453	1	88	88
0x36251a1fc424c9f52557400eaab35af241325782	1	88	88
0x2d9adb912695b47ba8d1a9c5e6bbf26a33c2c7c5	1	88	88
0x8664245b133b20b0e20055f84a436f35a5a149e8	1	88	88
0x2a1b9ae1909e13ae907fae22e38050df9bbc3b47	1	88	88
0x7e2aab754c757dab04d52de655c68dfe691c54ad	1	88	88
0x682ad321f9ed29361f54e3bafd14df8fd314b3ab	1	88	88
0xd4af32db3b993cb6fb4c2327d2d111d937af9ad0	1	88	88
0x4c9b7478c76dd4748841c5dff37125d1a88af1df	1	88	88
0xaa48339900946b70a22311103939c5f2de99a166	1	88	88
0x8375ceeccce792b1a75a9bce359f92cc98555948	1	88	88
0x5e6a94efc73ffe826c1a60f505606c33c20df865	1	88	88
0xb50d6a56e4a16441fabe2ee24f5ca54b8b550bdf	1	88	88
0x962f11275df2d0758e201d1fa032943d2d0fda51	1	88	88
0x78d6aa6bef68990a525354acf9611fcb01ef3ed9	1	88	88
0xf245a9c4f71924d1008f2c69bc6b46a7542c4004	1	88	88
0x9b0f7db88a8bdb99cbd97c246b5a101d3dfa907a	1	88	88
0x68288332c18b38e59b9da07757a3fa741456362f	1	88	88
0xea053219d4bf2407a30ea03b68a96db836ab9928	1	88	88
0x3deec694a8e349e14b727df9b71a3769fcc8f9cb	1	88	88
0x07a1da91c42ce09d4f7c1cdc3e6f2ce6c087118d	1	88	88
0x480573c62c0a6e2062e8c716d98e26a0666ef975	1	88	88
0x226f5eadb0571370caf3ca9177ec737b007ae105	1	88	88
0xb2cda042a0901e2c122a5566222f7263a4d07550	1	88	88
0x4d2a459cbf274642c1a4b640fde28cdd3c487431	1	88	88
0x2aa1c8663e86bf9993852899ffdbf424e66a97b2	1	88	88
0x6f83d1cfb99b8c50add000c7a22d72be473e2f69	1	88	88
0x09f78e77b78a2e6a67119dbfd644601e3ea76ebf	1	88	88
0x98268d3ee15cf5e1d9cf9da2f5367d511b080b7f	1	88	88
0x3a4426b92f6ca7241801dc9256c6e10b79d89377	1	88	88
0x81e3c9ded64caf37ee5ffd643637e1a97cd64f5f	1	88	88
0x982753082d8e951e3df7ec1d59f8ba23c2fe1257	1	88	88
0x19643ba0003edc021d453599a308fb279f5f2496	1	88	88
0x9b3487dda84299fbf25291d8ec75604fab4221ec	1	88	88
0xb711d23c08dc0543e17823ffef61abbe453e31c5	1	88	88
0x60c65c1c42f634d951e7405c8a22fc0db3f05f03	1	88	88
0xe6246ab8e2245eea8c2d619f6b11cf701c2704cd	1	88	88
0x75ce900c9182df0ef4c2fefd9fb0e00c418a5318	1	88	88
0xd2e610cc26992921b98886ca540418392afed9b9	1	88	88
0x7ffe47e76e71a05a41ae799817abc9ca9aa674f3	1	88	88
0xcc84a94a8cf314a310070076669638946b945af3	1	88	88
0x0cd060487e2889c20fa9f218d44dd6daa35e50ff	1	88	88
0x91b4d5c12900cfdea52e30e7e12fb337a8b7a12b	1	88	88
0x8ffe4145553e5e08e09be8230e5794e89765f7a3	1	88	88
0xfc988787c64718786d477468b61a59d489a193dc	1	88	88
0x0d833d3db464556e648e915be44fb3a71b8fd97a	1	88	88
0x91fb999a44337f9110dda07107007691caa807de	1	88	88
0x644c9bd43cb3dcf6da830604509eb07c0a691b26	1	88	88
0x9106eaf3cc0170a0fa15f022981f6274cbc27d03	1	88	88
0x7359f7ed4dfa0dda5abb6dbf9db7aa18b6f55622	1	88	88
0x6123414795012bdbf8e5bb58ec6ad1157141ea17	1	88	88
0x492e6040e23ee44485835ef55c575cfa4b879ebf	1	88	88
0x11b833de0a2431c4645f46439122b67751e53694	1	88	88
0x9087a4c96eca5060a60a1fe47e4c99e3c008bc61	1	88	88
0x03371381dfe2552ee688d5dd5a67399101f1bc37	1	88	88
0x9e2eb730a8acc14ced47a478599276364bdf3515	1	88	88
0xee9b911ecd5257a38416f611cb78b97aa5644ad4	1	88	88
0xdc1f8391e22b951077eca4cb96d81c9bae8623aa	1	88	88
0x3fe5e490f250316e57cf824c1dceb90a25535a81	1	88	88
0x56df76a161149e253da4ce4afbc92dd8d4296113	1	88	88
0x908ae90f3d30175eebc39ccb2fa19a61a212c5c5	1	88	88
0x80570a7a9500339ee0d441d079a46f3f86a08c82	1	88	88
0x6540a704a7f465649eeb9640727841b556bae463	1	88	88
0xd6c0428e92a0b5821a1d360a971f28f9efb30424	1	88	88
0xab970aebbd367156ec146a2e981cfba911dcae6a	1	88	88
0xddf0cebc3b259420280371337b11f6fabdddf2f0	1	88	88
0x00902296da2d4efabeef0cc589d03353c1eb04ef	1	88	88
0x5c4cc3c4fe8d583e7393980ce8e98dcbe7bec21c	1	88	88
0x02bcb6fd8cc12ba66e11982552a60bf136f06eb9	1	88	88
0x49ab5f395843e70ba1f05efae04f0b83e40174ae	1	88	88
0x06fe6d22ee588ba88c2349fa7d9ad3149c0c57a3	1	88	88
0xdf2095b5cf2426a7c26dbc36c9e8a10000faad1c	1	88	88
0xed71f9518de7423505b907b87a511784e7166607	1	88	88
0x2d82814dd62f66247e3e575d57aa85d8503cb6aa	1	88	88
0x27a3e6a6fdcc8cc548cbf8c688ef8a86755f3cb0	1	88	88
0x3010b8ebdffcc76831574d923a1d80d1a203f11c	1	88	88
0xa82f5d3c545004885cc46953dfc1addfb6e87231	1	88	88
0x68d39be8c66851afbb61abb3b2e0a8ef59b58e80	1	88	88
0x6f46dbfe491d12a7e093fcb2adc98ae6dac584b9	1	88	88
0x58e6f75cc0edcc55442816c9a8c9effbc54bc6e7	1	88	88
0xba38dbf3ccbd8854ed049cbfa317b9f4b0cfe94f	1	88	88
0x147f96f9774c0af377ab33593016fa562c87538a	1	88	88
0x12904476fdb88c7bfc3d9570771ab787abba9f37	1	88	88
0x6a58411646b47e4be9569e4edda05743f8df545b	1	88	88
0x32f4b3bddab67397605bbf6136c879fc5e5fc9a4	1	88	88
0xc95b3905e806815b654f615206519921a58bba3b	1	88	88
0x3c43bfd2868982c79768c6b4e793a7f50bbf58fb	1	88	88
0x3eb14f2553ef0e1c9dda57295f273e9b1cbab0c7	1	88	88
0xe5829ad941f877571a75624e7b68be78d8c53d96	1	88	88
0xaf886742b9597f924fcbe49280a3cc9ff20641a1	1	88	88
0x66342cdb636aba7b1ccc2f95efabbc7ba3b1947d	1	88	88
0x88a730adca21b527a021620bffbfded146e60bef	1	88	88
0x70b6bd8fd04cac4ff5816fb2fa27f15b5209ffb6	1	88	88
0x368381c36033ceb2c2e718163dbb7e965111ac98	1	88	88
0x9d489c6e1a02025c4af9ec2e5be2ae5ff3cc2ca1	1	88	88
0x56294570beae0b9deb6340ec6029a6dea1f7f7b2	1	88	88
0xf33797902a452d02f06d6eef1adf7fce89630678	1	88	88
0x257c36b8cfc3ffe9c11061d6e9b6efa492bff924	1	88	88
0xe45d10c00575a68a97a81645916036305bab3fba	1	88	88
0x799177d1204605444abca517d5972428d076e606	1	88	88
0xedb9394b623723cf030fb94a358297b8ed4e16c3	1	88	88
0xe28007f87f66ad3b07eb9600d1cd8165485ecc19	1	88	88
0xb0f365dcb4adc0ea5d3d3820712d8d882330f13b	1	88	88
0x6de087b3dcea7a1a2f525488bd76de375d13c1b5	1	88	88
0x8b5d3e6fd56488c7bc4f31b93fa2f2e219fdfb38	1	88	88
0x823758d1d5beb73316533bf12ab68b889d45adea	1	88	88
0x251823f1e0dc22d59a3fe3f08a53864a182d8844	1	88	88
0x2d58452f4eda3bdd7dfe42f7603a9029cd3341ea	1	88	88
0xbaa11e7357525ae586826482b12bc07d70c25920	1	88	88
0x354b75d4250922f1063591d54b294be7e1baa32f	1	88	88
0x3aea5f857b75a946d5f5b329bdcf4db46aec5d2c	1	88	88
0x57d2214f51a87184860e0126b50b04ffb50157fc	1	88	88
0x3f1f09ec5f3c686584064484a46b999664b3a339	1	88	88
0x2b9338f90182dab6d485dc2ff2e185407f17b442	1	88	88
0xd23799d5e8d013d8e1218769fddc8f5cbf95fe78	1	88	88
0x3ff6f484198e7fd03be8b88b22e66ee863ca8b50	1	88	88
0x2ba12ee93a05d9f7ae140a3ca05f4fb9ddadfacc	1	88	88
0x54f6b4cc3a372aa22bfd71b1d053385e6b7ef0a5	1	88	88
0x327116e88f447a6bff610c4c2b9f19ec0047b944	1	88	88
0x94a8d388de11058d7890f71c54237820bfc9373e	1	88	88
0x0ffe5a8183097a8bdc00c8ff26afeaa6c27edeff	1	88	88
0x430942aab186ac24d7fc7c4f59cfd40bff798e8f	1	88	88
0xdcbfca3b71a71b29954b59edf365e5025f26b94c	1	88	88
0xebeae725ff4520b962bb2a99828591c965ff2b75	1	88	88
0x504591e0a3286d0317737db6902a62c2414166ca	1	88	88
0x92040e18871fea2cebe9264dce5b39c8f237ba59	1	88	88
0x9a5e69156e9ddfccf41eb6dc1f00c48ff5726147	1	88	88
0x4eb7e921393c3debaced3378bb458cdcf9f1ac15	1	88	88
0xd67696b96243602babf96303934b347c7502428b	1	88	88
0x0008c5c7fe6f5893fbdbf8dd446d359a2e950f65	1	88	88
0x6fa3364792c9474b3b74a7d9a41d37be30c84d6b	1	88	88
0x1fcb556dc151597f8a703abbe3ecf4bcdfc9d04f	1	88	88
0x0e791e6da239d41c4be9e8f69b91b814e902d9d4	1	88	88
0x5ab2649dab4228f50fcfc4846a0edd6dc0841062	1	88	88
0x84484ae05a1301962e696bd20993df228222308b	1	88	88
0x7597ba6f39ad1fe2ba704d9fa2953eb0a14723fe	1	88	88
0xec298ce743c567502ffb3b0bb8a6c0e9c1d09c93	1	88	88
0x79155bf78b240bf43849de68797acbf8eacc07b6	1	88	88
0x354a71fae7bcff635fb86c3301237cde3516f9fa	1	88	88
0x5bb7e5e76d4721cac32a4809f8f2229888959180	1	88	88
0x0d091870b9854894fc46c3d75074fb43b979a2da	1	88	88
0x24deda85a37aea206edaa523b6dc8d3925c818a9	1	88	88
0x766cedf83641732c5019ac4fce2e07ac505994b9	1	88	88
0x1036f5cc3d050d8650ce5ffb662c24ae416f3d75	1	88	88
0x95272c5e0f8bd14ed7f79656b3ace6b06c85e5fe	1	88	88
0xf73892a76d50cff31a601e24d603e80eadfb2f25	1	88	88
0xcc8bc52228b37eeef4bd4060c04ea7e5269d79d8	1	88	88
0x2fe0248e3430488a827b059bacd96c19323d4c8d	1	88	88
0xdb912fab7ab5fd40f17fd470573b3b999c62232c	1	88	88
0x57c191389cb4cf776830564e35d2ce3c5b744531	1	88	88
0x10a590f528eff3d5de18c90da6e03a4acdde3a7d	1	88	88
0xc92b9a729d3bbc8574574c89e897cece8717e9c9	1	88	88
0x6392db76ef78b1ed4fa201b321f43812ce2ca888	1	88	88
0xbb06b2dca1acf363ccbc97d2ce2019ce32a6f7f5	1	88	88
0xe517f5274a21c74ae230d99010ad11992d0e836b	1	88	88
0x5482273451c8fab8588bd58a2f3d6732e911ea62	1	88	88
0x220a41ac8244dfd574802228e233f2059612b9ba	1	88	88
0x690a0f0c5b553f2d071670fa9b46731ee58db678	1	88	88
0x17660368c5f1c1874c836c928bcec1fdc2eb2ba4	1	88	88
0x618ba708b9fe6c735f023803156daf9c87b39dd5	1	88	88
0x9dbd2315fcaa1fbdcd4cb3317770fe642f13e9a8	1	88	88
0xe4ddcc1996b326e2bb5bd364237fd12e9d713201	1	88	88
0xd2208b5c2091d8c847d246509ed306bd6be9d200	1	88	88
0xe8c7881faa68bcc9dad7681d8e9b182453c4d6ee	1	88	88
0x5e50d1bff600c1ae443ede9b6e082e571bec09c8	1	88	88
0x81bb408d5a3c2114e270af16f393ad1ba2e656f1	1	88	88
0x34c85dbb2756582ac9b53f38346bfeff13a4abbe	1	88	88
0xdbb9b22678db779942d88b0c35489e33ab685483	1	88	88
0xeef9f12cdfe9e79709dbf6879d0c12c0b367013b	1	88	88
0x316480767bcd96a677c82f8f987aef2a3af0f362	1	88	88
0xdc35abd800077d1dba57f29a596b671009765209	1	88	88
0x4a9454e8a2ce5bccf54efe83500aad777828b9fe	1	88	88
0xc2e0f66ad6322aab458809698297790d8cdcc809	1	88	88
0x2352af873619fe65967568884e460574a0d8dc67	1	88	88
0x39260b9be6b55b18505c6dd098d7fe0bb8622101	1	88	88
0xec40c8cfff44a3631c5e972c4ddf0702e666d6f8	1	88	88
0x88a09a05b60e5649e6f20b45d305d80d44431d42	1	88	88
0x1ce6e8a1ae0ddb51cbb407510abbb57207c6b5aa	1	88	88
0x9c6fcaf944e58cac892a95e6e150786a120465d4	1	88	88
0xb621941388ccb19281e6c1cc29fb5016539c3b62	1	88	88
0x86cf7a9d914ab0b6bb8b570353fb2af1ee69aae1	1	88	88
0x23c6e5001d1c7511ed2a73c8455ca6e6ba79fb39	1	88	88
0xc0a25b15e77add0dc12e52e4e2f610498e2aa869	1	88	88
0x8d6aaa6807dff81d213f59ec95b985816fe40d8b	1	88	88
0x47a26e2d727fa53c92fc74dcdedccfa6cb2968fa	1	88	88
0x9df8842cd1132114d29d306e9100c240763f4c48	1	88	88
0x00184f86d3393a1140e939cc136be43b6bd5d6ae	1	88	88
0xa5d56593443a7aa0c3a33843f399373d217aef41	1	88	88
0xf496f24e369d3bfb7b879d0c0e846f5b23801aad	1	88	88
0x2785d061cabff1a59a6798b0a4e361cb8af3360a	1	88	88
0x87fd6f3a19e8298b2cc413bc3859b9154e812413	1	88	88
0xaaad849107e1fb1c69f080e4000c4ccb84495b4f	1	88	88
0x9fb45697950405efb443d0eadc12c584e43a3cbd	1	88	88
0xf52e7e956889d073d61fc1cb0001e44a1d0572fe	1	88	88
0x11bc1fe797da8428ff275c9ad3c02971ce8ba104	1	88	88
0x9529746295eaffc60937636e32f234f06bd16af3	1	88	88
0x6fae86071a913d66bbc3b10857581370d653dce9	1	88	88
0xe703595d07fb3e1320166dd311df248b00e48e08	1	88	88
0xc5616c4b34ddceddc4c562665ecb9fc67d196e7b	1	88	88
0x630ffbce7ffc57addd480997c5f0d647d542bc2c	1	88	88
0x5a9c572501ecaa036807babf9773af1129068f0d	1	88	88
0xb9bcd5b797e9b2b394f34422ff10f1e8b0e4544a	1	88	88
0xc1c47fc898feb1f2bb3a649b7e516d4f32e97465	1	88	88
0x3b2d1bb3b2b3b08be408fe313ce169d7bd22721a	1	88	88
0xca82f83f5cd30b2caefc21e928e892d1ff1d85ad	1	88	88
0xce29d9ac531ce063bad25d48e1c440cb13e9678e	1	88	88
0x9ff80eb2a2b22b181ea1fbc885a030825cd48922	1	88	88
0xf46bcd11662301446659439113a651f730e23369	1	88	88
0xa4e3670529cbf37135c056456998497e2fa6956d	1	88	88
0x7b896407539587864401f92535cfa2b2f86bfaed	1	88	88
0xcd8d2b6489223469ae23379a58272669762cdaeb	1	88	88
0x87e5519b7d1b4b1ff93047c037d1a05724c774a1	1	88	88
0xdf9015d0ce1b26738cf09e944e9f0c64601b910f	1	88	88
0x9e414bc5395c97f776db8c2d3478f129c57d4f42	1	88	88
0xc10df75c0d59fba85b1d4313e3965f29ca48affe	1	88	88
0x32a5671f65da5143ee96465e9fa4dbdb0038d640	1	88	88
0x0cea2e0ca4effd0f629fac310d55914f579ff8a0	1	88	88
0xbb444ac1d988cd16c84ce52f72919cde6db2f5fb	1	88	88
0x606169b9c04c8e3a1ff8a2d5caab377ebed35000	1	88	88
0xa721066bf9bac683687a4e85bdc2ab67da352de4	1	88	88
0xd08debc6cdc6cfc15696c0cff309e2e275a6d571	1	88	88
0x4b397f312fd629a44747f63099fe45ed29d35efa	1	88	88
0x87cb766c6e0ea5ddaba7c2222a4a11eb5caf526f	1	88	88
0x20b08e18bfa118a5e1ec269f40c4516d821a67ab	1	88	88
0xfb000c994e48bdc8f1a9f4796f9e0764d9f12cd3	1	88	88
0x2dd7504c6d9cd7c7fa0f551123a6ecc0f7602665	1	88	88
0x7ed6ed28233d19470b4b4af3d37605b7642ce808	1	88	88
0xcf867a5be18cb8ccca645b2504b84c6f952fddad	1	88	88
0x15bfcde5d25f45882260b557a3dec566ce154f69	1	88	88
0x0b73e83a7c330df4d100ca2e3c91f8bbfae61659	1	88	88
0xb3eec5dea0c3bc6adeb56a53c6c54601e886d2b3	1	88	88
0xc05a688b323bd483f79b0dbdf94d2fdc832206e0	1	88	88
0x21b76da77081c9b48cecbbed0ada962b966622fc	1	88	88
0x6a5eb8ab52f5385c681560703df3b44d8653c25c	1	88	88
0xbb24fccd437324ebfda55e7963518efe3bef45ef	1	88	88
0xe8a4ed848a0e91644cab438f24944ef529a3d897	1	88	88
0x7e1a43dd8f234868baa806e44ebf1c97d46462b3	1	88	88
0x8eb91d0d3f81cd74493a3e95528b6fd3822514dc	1	88	88
0x54b1b6c7cc0ad01957fd5971ed79911b14a44501	1	88	88
0x642184032162627c97b14cb8a1bc5111b0e432e2	1	88	88
0x5f055b9d5f529e34d06d2ec84eddae971124a3c2	1	88	88
0xb258cd674ab2dc7fc2d912b82b91eb82042f0a48	1	88	88
0xe4c759a034a7000e8ff5bd046c1315828da937d5	1	88	88
0x983f87acc5d33f810913f6b1153a4a1c3ec93e5d	1	88	88
0xdbacd93f62e974146f9c5119eb54bdaabd33a6e6	1	88	88
0x48874afb762a34af37580c78c104a961c99f025c	1	88	88
0x3b38c4c32248ec0797075da96be783e8a72811fb	1	88	88
0x112d57e3128e4dd86a7b209a5cadeccdb364e802	1	88	88
0xd39050eaf302fc4ba9039a9ec55603a002e3ae9b	1	88	88
0xfdd9405c74824e5e4012b3cad14858b4b5f3532e	1	88	88
0xb5c2dcc0e605c1af42983053802551a49b7cec5d	1	88	88
0x47dc81b7efca43ec495fc87acb7f76639a0845f4	1	88	88
0xb78f5996c5c5eabcd214fa1ad337adf6e7965d3c	1	88	88
0x4f5299b1b66ed58525eae349c2f79c5a634a779f	1	88	88
0x70b52934105f6b4a5e5fd4b7eb17164f023f3865	1	88	88
0x2cc0554c2fb73d498e646b32f6a239c2cf9678ff	1	88	88
0x8bd90af545d8c2f82d8dc0acea059116f9e17675	1	88	88
0x4726f45fcc6ecd75d71243503ada17cd2564a078	1	88	88
0x580ffa61e036fc1a968ab8a43e25251156c98ef9	1	88	88
0xb9db155939980f8d4ef558b1585557aafd843180	1	88	88
0xef109b4398e3ee1e612f0a2fcfafe63c00d3133a	1	88	88
0xf00005e02a3a179468b65335858fd7c757951b7f	1	88	88
0xe5da8abbb4c9b00aaaa0f69f9ba0101a5e3d914c	1	88	88
0xde2354b1bc994d16509fb019a2da967288eae89b	1	88	88
0xc8db440a9b03cdb005410747f569357df8e778b9	1	88	88
0xfc3ca8d59e76a1b9bdae4c943a55e4bdaf755f0e	1	88	88
0x409c6f4a4d50dbc521aa0a9517c0c1e13aa456fb	1	88	88
0x85eea21f8c3706b97922a203df69a82ffeb4ccd7	1	88	88
0xdc759b488a4436b173f8a0c7a4cdc24bcb1ecf22	1	88	88
0x88902117d492794c19e16785369ccabb65475c1d	1	88	88
0x0554faf080738c663ff86dc09969f03c6dbb8b5f	1	88	88
0x65a9b8d4e899d8645e6cc5c6cdebefec8d4254bd	1	88	88
0xcfef29f8d37b90034c3fa00b66323c494cdcf412	1	88	88
0xea8f5bc56f2d72f02769909fe4762950d4903f95	1	88	88
0x56078612dabeca999a3163d00388f1847faf8fd6	1	88	88
0x5fa30fc5513377579ba73a4f74f10b5b869d9f34	1	88	88
0xb1d814c9847de5420f2585ab09eb80852704b542	1	88	88
0xe88073519fabbdeab9ff0227d96113887d68ef00	1	88	88
0x9165114268d49ec0b26c48bd847ba5fc4d63cedc	1	88	88
0xcc8dd9ffe11afa46c62169968d4898000794801f	1	88	88
0xa8d9064b3e3f256ca1ec717bb698b4642f61c684	1	88	88
0x7db70a83c73e25ea6d7e4dc3207c6feaa4ba9dd8	1	88	88
0x544b02ddc16d2537b05ea6ce0a2314fb9cec6233	1	88	88
0x3ed9f34e95e5037fb89e7b91dd3987da66828ed8	1	88	88
0x59b8d66167ff43aee7613aaffe0f397fd2a89d87	1	88	88
0xe620cf1f08935350d7f0eb09c270a7f3cfe68039	1	88	88
0x822a0fb3478e3151a5dd3520c479f7874f403422	1	88	88
0x8431898d62d910a1569f99b1f5b307a1a4960fc1	1	88	88
0xe5eb894613bf24be93da5896ec02f43c90e09959	1	88	88
0xf9c47d137136d7f859333d38003d69917ea998ce	1	88	88
0x804a9e9d6622474a274cfee7ecc8be8f08d614e2	1	88	88
0xaaee70c953020e489ebe2ad0620d45078ca1b45a	1	88	88
0x0ccfa1c3441f3febdcee067bd1cbe3af7bbb614b	1	88	88
0x7d27d2b98a7fe734f67c49ecc4b8c652fd699c05	1	88	88
0x5cd9f4ac61fc29dbd849cf9ed9d2849f8dff7830	1	88	88
0x643de49cd8ba0c7c1437426a9295ca9feabc5838	1	88	88
0x0973cd5da7f96aee2519f69f168006fa21a3daaf	1	88	88
0x6ca5ed02cb8e0aafdf3e53704234cd967849b86d	1	88	88
0x383d9792e017a91780fb25041902c6b44d6eaafd	1	88	88
0x6faad1da4c1d08e082faa46d1bddb865ec21a89d	1	88	88
0x87291fca8068c9c182bb37b4dfc1f7f56c98e46f	1	88	88
0x8ac7418aaef5819b9eeae96f46d7ec5cbda21eba	1	88	88
0xdecfc995a076950470d2886eadbf5ee55312e92f	1	88	88
0xe50b73711ca2a0d1e006ec40f41640e3403250b3	1	88	88
0x34ac5fd0ef6c8f7657d360df419df3c914845089	1	88	88
0xafa48f7e0bff61719c696abdd4f8fd633545210d	1	88	88
0x599f47a34fcd74c056072dd6cc1762bd168f1435	1	88	88
0xb2e09c0ef616412811255ada9753c70914b75e9e	1	88	88
0xb52a0a678734cb5dfae78d8a44747542a457523a	1	88	88
0x3254dd4c131edd9da829c5c151443bfe146609a4	1	88	88
0x9d3d58ec58298b1e4236714979b61b590dc8d2c9	1	88	88
0xc105342fb51e79a4f0bcd3c04c34369f1404c5f7	1	88	88
0xe4be347f426a9f022415234e78aa56a68f017a09	1	88	88
0x6e2421e4c8f2c4c173184ca516ffdae9ce5d39f1	1	88	88
0xaef646379256bdf18c443b183d549fcd6159e9ea	1	88	88
0xe16964289405642771cdcb0b5824f13c15ad93bc	1	88	88
0x249bd60edeaaf517fe369398e8a121ce3dbe5d23	1	88	88
0xbaaa390d4ccd0180ee858eddb1c687975266b386	1	88	88
0x1b878bc4c6913ac4780b2fed9a44c63a6e5de32a	1	88	88
0x7797a9caacd385369e0d4d8cdc7714da22a3f448	1	88	88
0x2275a3015ea44f2c06e19e68292f19312636ab4f	1	88	88
0x4f567bc2702fa30354ef02314a03c6c0dd4617e6	1	88	88
0x1ba10389df7c839f33862275e525587a411f1cea	1	88	88
0xd492f27b2f9ea6017933d0e2e2066dda48770eeb	1	88	88
0x4c95b33f058a57269747729ad6069ff5b3bfbb05	1	88	88
0xd690a73a96d99d106312b1e894db94dbe0c9d857	1	88	88
0x78c1e3a56ac5980da2d938e40addc5ea88d7f8b6	1	88	88
0xd728f5286003b95b0faf42c04fbca57d93c444ea	1	88	88
0x030dff1946806b8d36db64826401db94faa673aa	1	88	88
0xb77c43918793b17ab5dca3cd1ba628e532f94eb4	1	88	88
0x661f3573806009037796537e7e0825e242c5c8ed	1	88	88
0xf4e2c7ead7a068f9a233d68420706b59b718dc79	1	88	88
0x41fbe5f0f3d775d36f6615168958298034f461e7	1	88	88
0xa0d89461f1793f0bd8da86a1172534198302c003	1	88	88
0x1e3f749860723ef56cfd59031f01cc24a83e9b03	1	88	88
0x4ebcb1102ac3625bae94553ef46a622e860475b3	1	88	88
0x09cf915e195af33fa7b932c253352ae9fbdb0106	1	88	88
0x786297c4947408e01a1a977fda4db5e53a09c461	1	88	88
0x32fa66c8363fc0223203e014bb24776f4311c303	1	88	88
0xe2ebcc73de3cf367d7664891e52dd388a3be0baf	1	88	88
0x29614a91fab48708b4be9b20da94fff0111dcea5	1	88	88
0x1831570e2145ce1048eb566edb9612ec867aa736	1	88	88
0xb48388ea19cd2b25d30b39623d16bb0a73e4c654	1	88	88
0x77f43cffc00392cb798b40c352ea7daa31ff1a6d	1	88	88
0x10fa00823d930bd4ab3592cded68d830da652d22	1	88	88
0x5566f89cc82172105c671548f1d77c0da131bb14	1	88	88
0x2803c75dd131bb6459046653f3ba9c19a5c73681	1	88	88
0x29e246f26721d743859f70d0040065b2fa01198a	1	88	88
0x9795bb02589057454132caf365176564f1f031f0	1	88	88
0xb0877c5b6cb5b013651a1e291ffe6dbe34e7e375	1	88	88
0x5e491296a7f4e4f1b8fe3164f598b74599b4d40e	1	88	88
0x34ae026529fd5ab1a94d2c53a6f885257b008866	1	88	88
0x979c000f431e171917ac237124d5c2fb80dc51dc	1	88	88
0x352b4984e28f64beae6a863458025073a91d45c0	1	88	88
0x6607445667715e2b6ea6555de26fa1e411c1a9c7	1	88	88
0x6bd9d93b41727a955f2528a9263dcb91ed073bbf	1	88	88
0xb4c76bb7f52987ff59a3cbc4a4b724783451c1bc	1	88	88
0x4207ebc11d9c0b95c291c5f3dfc275d898b44f1c	1	88	88
0x5ba7b8e898dad75e7efe1cbef8c1869e62078011	1	88	88
0x2055d7b648e1d5d096d4c2d1f415753db273f6c3	1	88	88
0x4e65099fb3be9bffd8d3581b468debac64f89d09	1	88	88
0x33f5d883cc6fd93efb4e61f01268c9b8c23cf46d	1	88	88
0x16589273748bcfe9de401b3ac5a04a8c5d32f986	1	88	88
0x2d05893968266b8740cc45f834bd8dc76ee8da20	1	88	88
0xd50e8f7a70c5513a6df87d467ad31eece6926b37	1	88	88
0xb3cc643832630de13259ec8f67abd4553453ac0d	1	88	88
0xf48e1dedb0ec8260a6d0bfeddc621ed570ffea90	1	88	88
0xd41846a80cce168d2814b08507f4884e58523968	1	88	88
0x81914a7ba5423c51e55fcb808be0c395888b1364	1	88	88
0x0faffbb028a5f9fbbc75896f58ae73eba4d93708	1	88	88
0xfd4d5bd3b94617997e3154b0d035381152e3cb7e	1	88	88
0xc40f9fc4a3cd5d2359be1db112448b72cb029bb8	1	88	88
0x67cf44c5ba8e618d97b2c54a69012cff1b14bb55	1	88	88
0xa0e87b223c3699408656e5c616471c938a6042d2	1	88	88
0x13c964f9eb4528ae82317dfd1f483f61be19ff35	1	88	88
0x70022ffe7f412cfc638725cd33b1a3a2aa5edd0f	1	88	88
0x1eb8462e57a69679d77d1751d9104305a23a4fcf	1	88	88
0x2f6f8bbc901e3bbd9ad3309cb3bd1dfd8f74d984	1	88	88
0xeae27e0ad59ae8b0dc3cad4fadb6f4f0fcf870e9	1	88	88
0x8c907368256dd773eacd5eca352de3f10a250a09	1	88	88
0xa5240f12d027157cc90ff262a0df579a72879948	1	88	88
0xf99311aea24528196668c1fdedf565e0eab1ea6d	1	88	88
0xbadb448518519a0dda447aa2fd078f7460d8002c	1	88	88
0xc7d934cdaf372807e98bb842b1993e3c718ac1b0	1	88	88
0x8df57cdd2fc6baa4e2b451dccbdd3c646b80e382	1	88	88
0x5a4d1a00f30560b4f962192a5946dd3aa379aa76	1	88	88
0x1d0b56427506f24ba9a749574a82057ad4c67d42	1	88	88
0x255dcfa35b70fc60bfac74ffdfb4782b441a1963	1	88	88
0xf04abf6ac93507b25e7f8f9c535c7fda8ea6d6e4	1	88	88
0xcc7156bc83146cd1435f17ad2aecff2d4839e6ed	1	88	88
0xcc37d4f1aec00526a9fd03c58e421546f7f74208	1	88	88
0x6894d5d165d32b653ff3534bb3a4b6a0ef399461	1	88	88
0xaa39d9f5a2f5507d8a6eac3af3b033176f37dafa	1	88	88
0x943fd9c6ab439dfe6cef2d49ad875288ebf76ea6	1	88	88
0xc44d31eadc28779ae1138a0c786289aff335c6c6	1	88	88
0x4a0f3f4cd94554615d30486607c263a5183bc8f5	1	88	88
0x01ae07f137df957cacd5a02474019968c0eedb8c	1	88	88
0x2fa03dcc825f2a09705904bc8f6e51662e9c9448	1	88	88
0x0651b677a4803e465bdff01fcd5ab35f2f35c041	1	88	88
0x1ba87f0b15fea8546dd837557f73b66ab378910a	1	88	88
0xa894c2cceeedef96ab3c85d24c36fabee04bfcf0	1	88	88
0x776b440b04444c78bbe5658585d109b87e0029bf	1	88	88
0x1277659c93f9b7cb5a4713550e83e9da59192a47	1	88	88
0xce75268c8525e97fbc7e3c24052644b0e6526032	1	88	88
0x078fd87a74f5fe5843b596495e9853431a4a5ced	1	88	88
0x886aac9e07504337000a18a22cc8eb273d28713d	1	88	88
0xe19ff97a0706ecb1db3e4fa1cd08b5af3e9e3dc6	1	88	88
0x4831bd2e5d6ab2568870f963fef1d96bd8c43546	1	88	88
0x6c741f10e367c57250472e0521653140138d4989	1	88	88
0x7335151bb04a2694bb3c7c421d4968f4f093dc34	1	88	88
0x80f084a87c080ebe87ee9b5e1f8da138285894c3	1	88	88
0x4c4b46abe88f996d1b3b4a8fa41876535675ef1e	1	88	88
0xfa31723cf2cc9c19faa04d5520e76cdf9bb22062	1	88	88
0x17cd1ce326bef5da9be15f27b1d1bb0e2b8ddd37	1	88	88
0xcc7052c8d543ba30d5effe90c5cf2ac4ba2c05d2	1	88	88
0xfa452ac1ff2cb0664772c1e648f1e4e3ecae6143	1	88	88
0x3a0030caa00f6b83a3a7d1063826cbfc7d38495e	1	88	88
0x3c7527c9cd34b3fe6d4c9d0afa366d3b6f43a767	1	88	88
0x12f3ba5072d38ce1b0896510d2650f1d8ecc64ca	1	88	88
0x616964aa4652812da73a8ca0cd9b1f0fac5b49e5	1	88	88
0xc5ae059320b0c2907835a7832637c445dc3a7ddd	1	88	88
0xebbd81e191383e8a6a0a1e6e4ddc2f49a90b5e62	1	88	88
0xc597a00e8bd6d38a6016eba850b291ac4ec6731d	1	88	88
			
			
			
			
			
			
			
			
			
			
			
	1888		166144
